0 ROTATION CENTER 0 0 0 1 "Custom" 
0 ROTATION CONFIG 0 0
1 72 0 -24 0 1 0 0 0 1 0 0 0 1 60748.dat
1 78 0 -24 0 1 0 0 0 1 0 0 0 1 3626cpm5.dat
1 6 0 0 0 1 0 0 0 1 0 0 0 1 973pm7.dat
1 72 0 32 0 1 0 0 0 1 0 0 0 1 3815pm2.dat
1 6 -15.552 9 0 0.985 -0.17 0 0.17 0.985 0 0 0 1 3818.dat
1 6 15.552 9 0 0.985 0.17 0 -0.17 0.985 0 0 0 1 3819.dat
1 78 -23.8634 26.5956 -10.321 0.985 -0.12019 0.12019 0.17 0.696395 -0.696395 0 0.707 0.707 3820.dat
1 78 23.8634 26.5956 -10.321 0.985 0.12019 -0.12019 -0.17 0.696395 -0.696395 0 0.707 0.707 3820.dat
1 72 0 44 0 1 0 0 0 1 0 0 0 1 3816pm2.dat
1 72 0 44 0 1 0 0 0 1 0 0 0 1 3817pm2.dat
0
