0 ROTATION CENTER 0 0 0 1 "Custom" 
0 ROTATION CONFIG 0 0
1 4 -199.999 44 20 1 0 0 0 1 0 0 0 1 3817.dat
1 0 -199.999 32 20 1 0 0 0 1 0 0 0 1 3815.dat
1 14 -199.999 -24 20 1 0 0 0 1 0 0 0 1 3626bp01.dat
1 8 -199.999 -24 20 1 0 0 0 1 0 0 0 1 3896.dat
1 4 -199.999 44 20 1 0 0 0 1 0 0 0 1 3816.dat
1 1 -184.399 8.964 20 0.984807 0.0678512 0.159848 -0.173652 0.384795 0.90652 0 -0.920505 0.390731 3819.dat
1 1 -215.601 8.964 20 0.984807 -0.124915 -0.120629 0.173652 0.708411 0.684104 0 -0.694658 0.71934 3818.dat
1 14 -179.776 6.394 -1.265 0.979782 -0.189195 0.0650507 0.152551 0.916858 0.368915 -0.129439 -0.351533 0.927184 3820.dat
1 14 -221.691 14.713 -0.25 0.998623 0.0523582 0.00303066 -0.0522986 0.998483 -0.0171874 -0.00392598 0.0170053 1 3820.dat
1 6 -179.293 -3.698 -9.511 -0.985629 -0.166881 0.0261192 -0.168722 0.980023 -0.105288 -0.00802682 -0.108182 -0.994098 3848.dat
1 4 -199.999 0 20 1 0 0 0 1 0 0 0 1 973p42.dat
1 7 -222.269 4.621 -12.763 0.850052 0.0514493 0.524178 0.0980265 0.962374 -0.253428 -0.517494 0.266811 0.813026 3846p4h.dat
0
